0
100
0
57
48
0
0
37
37
0
0
22
0
22
22
0
20
20
0
20
0
20
0
20
20
17
0
17
17
17
0
17
0
0
14
14
14
14
14
0
0
14
0
14
0
0
14
0
0
0
0
0
0
14
0
0
14
0
14
0
0
0
0
0
0
0
0
0
11
11
0
0
0
0
0
0
11
0
0
11
11
11
11
11
0
0
0
11
0
0
0
11
0
11
0
11
11
0
0
0
0
8
0
8
0
0
0
0
8
0
8
0
0
8
8
0
0
0
8
0
0
0
8
0
0
8
0
8
0
0
0
0
0
0
0
0
8
0
8
8
0
0
0
0
0
0
0
0
0
0
0
0
5
0
0
0
0
5
0
0
5
0
0
0
0
0
0
0
5
5
0
5
0
0
0
5
0
0
0
0
0
0
0
0
5
5
5
0
0
5
5
0
0
5
0
0
0
2
0
2
2
2
0
0
2
2
0
0
0
0
0
0
0
0
2
0
2
0
0
0
2
0
0
0
0
<1
<1
0
0
0
0
0
0
0
0
0
0
0
0
0
0
0
0
0
0
0
0
0
0
0
